# THREE BALLS AND A CORNER BEHIND
#C 0,0,0 0,1,0 1,0,0 90
#A 0.2 255,255,255
#L 1,1,1 0.3 255,255,0
#sp 0,15,-1 5 0,0,255 1
#sp 0,15,-206 200 255,0,0 1
#sp -10,15,1 4 255,255,255 2
#sp 10,15,1 4 255,255,255 2
#pl 0,40,0 -1,-1,0 0,255,0 1
#pl 0,40,0 1,-1,0 0,255,255 1
#cy -2,5,0 0,0,1 0.5 3 0,255,0 1

# A CYLINDER
C 0,0,0 0,1,0 1,0,0 90
A 0.2 255,255,255
L 1,1,1 0.3 255,255,0
#cy 0,15,0 1,3,0 3 8 0,255,0 1
sp 0,15,-206 200 255,0,0 1
cy 0,15,0 0,1,0 2 10 200,200,200 1
sp 0,15,0 1 0,0,255 1

# 2 CYLINDERS ON THE GROUND
#C 0,0,0 0,1,0 1,0,0 90
#A 0.2 255,255,255
#L 1,1,1 0.3 255,255,0
#sp 0,15,-206 200 255,0,0 1
#cy 0,15,-1 0,0,1 2 3 0,255,0 1
#cy 10,25,2 1,0.4,0 3 3 255,255,255 4

# ONE BALL AND A GRAY MIRROR BEHIND
#C 0,0,0 0,1,0 1,0,0 90
#A 0.2 255,255,255
#L 1,1,1 0.3 255,255,0
#sp 0,15,-1 5 0,0,255 1
#pl 0,0,-6 0,0,1 255,0,0 1
#pl 0,30,0 1,-1,0 130,130,130 2
#cy -2,5,0 0,0,1 0.5 3 0,255,0 1

# TWO PERPENDICULAR MIRRORS AND A BALL
#C 0,0,0 0,1,0 1,0,0 90
#A 0.2 255,255,255
#L 1,1,1 0.3 255,255,0
#sp 0,15,-1 2 0,0,255 1
#pl 0,0,-6 0,0,1 255,0,0 1
#pl 0,30,0 1,-1,0 200,200,200 2
#pl 0,30,0 -1,-1,0 200,200,200 2
#cy -2,5,0 0,0,1 0.5 3 0,255,0 1

# TWO INTERSECTING BALLS
#C 0,0,0 0,1,0 1,0,0 90
#A 0.2 255,255,255
#L 3,3,-3 0.9 255,255,255
#sp 0,0,0 1 0,0,255 1
#sp 1,0,0 1 0,0,255 1